simpraise
leopoldo.sanchez-rodriguez@inra.fr
  
FILE insim.002                     
  
NAME_OF_THIS_RUN insim                                             
  
Tmax:                                                 1
Nloci_neu:                                            8
Nloci_sel:                                            8
inbreeding/pop/gener/locus
   0.0000000000000000        0.0000000000000000     
   0.0000000000000000        0.0000000000000000     
   0.0000000000000000        0.0000000000000000     
   0.0000000000000000        0.0000000000000000     
   0.0000000000000000        0.0000000000000000     
   0.0000000000000000        0.0000000000000000     
   0.0000000000000000        0.0000000000000000     
   0.0000000000000000        0.0000000000000000     
allele_freqs/gener/locus
  0.54166666666666663        0.0000000000000000     
  0.47222222222222221        0.0000000000000000     
  0.48611111111111110        0.0000000000000000     
  0.47222222222222221        0.0000000000000000     
  0.58333333333333337        0.0000000000000000     
  0.48611111111111110        0.0000000000000000     
  0.43055555555555558        0.0000000000000000     
  0.55555555555555558        0.0000000000000000     
  0.47222222222222221        0.0000000000000000     
  0.51388888888888884        0.0000000000000000     
  0.47222222222222221        0.0000000000000000     
  0.51388888888888884        0.0000000000000000     
  0.55555555555555558        0.0000000000000000     
  0.62500000000000000        0.0000000000000000     
  0.31944444444444442        0.0000000000000000     
  0.56944444444444442        0.0000000000000000     
cross-overs
           1   0.0000000000000000     
           2   0.0000000000000000     
           3   0.0000000000000000     
           4   90.000000000000000     
           5   0.0000000000000000     
           6   0.0000000000000000     
           7   0.0000000000000000     
           8   90.000000000000000     
           1   0.0000000000000000     
           2   0.0000000000000000     
           3   0.0000000000000000     
           4   0.0000000000000000     
           5   0.0000000000000000     
           6   0.0000000000000000     
           7   0.0000000000000000     
           8   0.0000000000000000     
           1   0.0000000000000000     
           2   0.0000000000000000     
           3   0.0000000000000000     
           4   0.0000000000000000     
           5   0.0000000000000000     
           6   0.0000000000000000     
           7   0.0000000000000000     
           8   0.0000000000000000     
           1   0.0000000000000000     
           2   0.0000000000000000     
           3   0.0000000000000000     
           4   0.0000000000000000     
           5   0.0000000000000000     
           6   0.0000000000000000     
           7   0.0000000000000000     
           8   0.0000000000000000     
           1   0.0000000000000000     
           2   0.0000000000000000     
           3   0.0000000000000000     
           4   0.0000000000000000     
           5   0.0000000000000000     
           6   0.0000000000000000     
           7   0.0000000000000000     
           8   0.0000000000000000     
           1   0.0000000000000000     
           2   0.0000000000000000     
           3   0.0000000000000000     
           4   0.0000000000000000     
           5   0.0000000000000000     
           6   0.0000000000000000     
           7   0.0000000000000000     
           8   0.0000000000000000     
           1   0.0000000000000000     
           2   0.0000000000000000     
           3   0.0000000000000000     
           4   0.0000000000000000     
           5   0.0000000000000000     
           6   0.0000000000000000     
           7   0.0000000000000000     
           8   0.0000000000000000     
           1   0.0000000000000000     
           2   0.0000000000000000     
           3   0.0000000000000000     
           4   0.0000000000000000     
           5   0.0000000000000000     
           6   0.0000000000000000     
           7   0.0000000000000000     
           8   0.0000000000000000     
           1   0.0000000000000000     
           2   0.0000000000000000     
           3   0.0000000000000000     
           4   0.0000000000000000     
           5   0.0000000000000000     
           6   0.0000000000000000     
           7   0.0000000000000000     
           8   0.0000000000000000     
           1   0.0000000000000000     
           2   0.0000000000000000     
           3   0.0000000000000000     
           4   0.0000000000000000     
           5   0.0000000000000000     
           6   0.0000000000000000     
           7   0.0000000000000000     
           8   0.0000000000000000     
           1   0.0000000000000000     
           2   0.0000000000000000     
           3   0.0000000000000000     
           4   0.0000000000000000     
           5   0.0000000000000000     
           6   0.0000000000000000     
           7   0.0000000000000000     
           8   0.0000000000000000     
           1   0.0000000000000000     
           2   0.0000000000000000     
           3   0.0000000000000000     
           4   0.0000000000000000     
           5   0.0000000000000000     
           6   0.0000000000000000     
           7   0.0000000000000000     
           8   0.0000000000000000     
           1   0.0000000000000000     
           2   0.0000000000000000     
           3   0.0000000000000000     
           4   0.0000000000000000     
           5   0.0000000000000000     
           6   0.0000000000000000     
           7   0.0000000000000000     
           8   0.0000000000000000     
           1   0.0000000000000000     
           2   0.0000000000000000     
           3   0.0000000000000000     
           4   0.0000000000000000     
           5   0.0000000000000000     
           6   0.0000000000000000     
           7   0.0000000000000000     
           8   0.0000000000000000     
           1   0.0000000000000000     
           2   0.0000000000000000     
           3   0.0000000000000000     
           4   0.0000000000000000     
           5   0.0000000000000000     
           6   0.0000000000000000     
           7   0.0000000000000000     
           8   0.0000000000000000     
           1   0.0000000000000000     
           2   0.0000000000000000     
           3   0.0000000000000000     
           4   0.0000000000000000     
           5   0.0000000000000000     
           6   0.0000000000000000     
           7   0.0000000000000000     
           8   0.0000000000000000     
           1   0.0000000000000000     
           2   0.0000000000000000     
           3   0.0000000000000000     
           4   0.0000000000000000     
           5   0.0000000000000000     
           6   0.0000000000000000     
           7   0.0000000000000000     
           8   0.0000000000000000     
           1   0.0000000000000000     
           2   0.0000000000000000     
           3   0.0000000000000000     
           4   0.0000000000000000     
           5   0.0000000000000000     
           6   0.0000000000000000     
           7   0.0000000000000000     
           8   0.0000000000000000     
           1   0.0000000000000000     
           2   0.0000000000000000     
           3   0.0000000000000000     
           4   0.0000000000000000     
           5   0.0000000000000000     
           6   0.0000000000000000     
           7   0.0000000000000000     
           8   0.0000000000000000     
           1   0.0000000000000000     
           2   0.0000000000000000     
           3   0.0000000000000000     
           4   0.0000000000000000     
           5   0.0000000000000000     
           6   0.0000000000000000     
           7   0.0000000000000000     
           8   0.0000000000000000     
           1   0.0000000000000000     
           2   0.0000000000000000     
           3   0.0000000000000000     
           4   0.0000000000000000     
           5   0.0000000000000000     
           6   0.0000000000000000     
           7   0.0000000000000000     
           8   0.0000000000000000     
           1   0.0000000000000000     
           2   0.0000000000000000     
           3   0.0000000000000000     
           4   0.0000000000000000     
           5   0.0000000000000000     
           6   0.0000000000000000     
           7   0.0000000000000000     
           8   0.0000000000000000     
           1   0.0000000000000000     
           2   0.0000000000000000     
           3   0.0000000000000000     
           4   0.0000000000000000     
           5   0.0000000000000000     
           6   0.0000000000000000     
           7   0.0000000000000000     
           8   0.0000000000000000     
           1   0.0000000000000000     
           2   0.0000000000000000     
           3   0.0000000000000000     
           4   0.0000000000000000     
           5   0.0000000000000000     
           6   0.0000000000000000     
           7   0.0000000000000000     
           8   0.0000000000000000     
           1   0.0000000000000000     
           2   0.0000000000000000     
           3   0.0000000000000000     
           4   0.0000000000000000     
           5   0.0000000000000000     
           6   0.0000000000000000     
           7   0.0000000000000000     
           8   0.0000000000000000     
           1   0.0000000000000000     
           2   0.0000000000000000     
           3   0.0000000000000000     
           4   0.0000000000000000     
           5   0.0000000000000000     
           6   0.0000000000000000     
           7   0.0000000000000000     
           8   0.0000000000000000     
           1   0.0000000000000000     
           2   0.0000000000000000     
           3   0.0000000000000000     
           4   0.0000000000000000     
           5   0.0000000000000000     
           6   0.0000000000000000     
           7   0.0000000000000000     
           8   0.0000000000000000     
           1   0.0000000000000000     
           2   0.0000000000000000     
           3   0.0000000000000000     
           4   0.0000000000000000     
           5   0.0000000000000000     
           6   0.0000000000000000     
           7   0.0000000000000000     
           8   0.0000000000000000     
           1   0.0000000000000000     
           2   0.0000000000000000     
           3   0.0000000000000000     
           4   0.0000000000000000     
           5   0.0000000000000000     
           6   0.0000000000000000     
           7   0.0000000000000000     
           8   0.0000000000000000     
           1   0.0000000000000000     
           2   0.0000000000000000     
           3   0.0000000000000000     
           4   0.0000000000000000     
           5   0.0000000000000000     
           6   0.0000000000000000     
           7   0.0000000000000000     
           8   0.0000000000000000     
           1   0.0000000000000000     
           2   0.0000000000000000     
           3   0.0000000000000000     
           4   0.0000000000000000     
           5   0.0000000000000000     
           6   0.0000000000000000     
           7   0.0000000000000000     
           8   0.0000000000000000     
           1   0.0000000000000000     
           2   0.0000000000000000     
           3   0.0000000000000000     
           4   0.0000000000000000     
           5   0.0000000000000000     
           6   0.0000000000000000     
           7   0.0000000000000000     
           8   0.0000000000000000     
           1   0.0000000000000000     
           2   0.0000000000000000     
           3   0.0000000000000000     
           4   0.0000000000000000     
           5   0.0000000000000000     
           6   0.0000000000000000     
           7   0.0000000000000000     
           8   0.0000000000000000     
           1   0.0000000000000000     
           2   0.0000000000000000     
           3   0.0000000000000000     
           4   0.0000000000000000     
           5   0.0000000000000000     
           6   0.0000000000000000     
           7   0.0000000000000000     
           8   0.0000000000000000     
           1   0.0000000000000000     
           2   0.0000000000000000     
           3   0.0000000000000000     
           4   0.0000000000000000     
           5   0.0000000000000000     
           6   0.0000000000000000     
           7   0.0000000000000000     
           8   0.0000000000000000     
           1   0.0000000000000000     
           2   0.0000000000000000     
           3   0.0000000000000000     
           4   0.0000000000000000     
           5   0.0000000000000000     
           6   0.0000000000000000     
           7   0.0000000000000000     
           8   0.0000000000000000     
           1   0.0000000000000000     
           2   0.0000000000000000     
           3   0.0000000000000000     
           4   0.0000000000000000     
           5   0.0000000000000000     
           6   0.0000000000000000     
           7   0.0000000000000000     
           8   0.0000000000000000     
cross-overs/chromosome
           1   0.0000000000000000     
           2   0.0000000000000000     
